Fetching: http://comci.net:4082/36179?NzM2MjlfOTMzNDJfMF8y
Timetable props: [ '자료481', '자료147', '자료542', '자료245' ]

--- Prop: 자료481 ---
Grade 1 Class 1 Matrix: [
  5,
  [
        7, 25021, 35026,
    31024, 40032,  1002,
     1001, 31028
  ],
  [
        7,  1002, 25020,
    14012, 24018, 35026,
    48035,  7007
  ],
  [
        7, 14012,
     7008, 14013,
    24018, 52045,
    53046, 53046
  ],
  [
        7, 35026,
     7007, 24018,
    31025, 25021,
    14012, 44033
  ],
  [
        7, 31027, 44033,
     7007,  1001, 25020,
    40030, 38028
  ]
]
Grade 2 Class 1 Matrix: [
  5,
  [
        7, 15014, 21017,
    11048,  9009,  3003,
    11048,  9009
  ],
  [
        7,  9009, 43031,
    15014, 11048, 11048,
    26020,  3003
  ],
  [
        7, 26020,
    15014, 11048,
    23019, 52045,
    53046, 53046
  ],
  [
        7, 16013,
    23019, 43031,
    26020,  3004,
    21017, 11048
  ],
  [
        7, 49036, 23019,
    11048, 15013,  9009,
    11048,  3004
  ]
]
Grade 2 Class 2 Matrix: [
  5,
  [
        7,  3003, 15014,
    39025, 36027,  3004,
     9009, 36027
  ],
  [
        7, 36027,
    23019, 49036,
    39025,  9009,
    34028, 15014
  ],
  [
        7, 34028,
    21017,  9009,
    43031, 52045,
    53046, 53046
  ],
  [
        7, 34028,
    15014, 21017,
    16013, 43031,
    23019,  9009
  ],
  [
        7,  3003,  3004,
    39025, 23019, 36027,
    39025, 15013
  ]
]

--- Prop: 자료147 ---
Grade 1 Class 1 Matrix: [
  5,
  [
        7, 25021, 35026,
    31024, 40032,  1002,
     1001, 31028
  ],
  [
        7,  1002, 25020,
    14012, 24018, 35026,
    48035,  7009
  ],
  [
        7, 14012,
     7008, 14013,
    24018, 52045,
    53046, 53046
  ],
  [ 0 ],
  [
        7, 31027, 44033,
     7007,  1001, 25020,
    40030, 38028
  ]
]
Grade 2 Class 1 Matrix: [
  5,
  [
        7, 15014, 21017,
    11048,  9009,  3003,
    11048,  9009
  ],
  [
        7,  9009, 43031,
    15014, 11048, 11048,
    26020,  3003
  ],
  [
        7, 26020,
    15014, 11048,
    23019, 52045,
    53046, 53046
  ],
  [ 0 ],
  [
        7, 49036, 23019,
    11048, 15013,  9009,
    11048,  3004
  ]
]
Grade 2 Class 2 Matrix: [
  5,
  [
        7,  3003, 15014,
    39025, 36027,  3004,
     9009, 36027
  ],
  [
        7, 36027,
    23019, 49036,
    39025,  9009,
    34028, 15014
  ],
  [
        7, 34028,
    21017,  9009,
    43031, 52045,
    53046, 53046
  ],
  [ 0 ],
  [
        7,  3003,  3004,
    39025, 23019, 36027,
    39025, 15013
  ]
]

--- Prop: 자료542 ---
Grade 1 Class 1 Matrix: [
     6,    0, 0,
     0, 1105, 0,
  1101
]
Grade 2 Class 1 Matrix: [
     6, 1104,    0,
  2203,    0, 1101,
  2203
]
Grade 2 Class 2 Matrix: [ 5, 1101, 1105, 0, 1103, 1102 ]

--- Prop: 자료245 ---
Grade 1 Class 1 Matrix: [ 5, [ 0 ], [ 0 ], [ 0 ], [ 0 ], [ 0 ] ]
Grade 2 Class 1 Matrix: [ 5, [ 0 ], [ 0 ], [ 0 ], [ 0 ], [ 0 ] ]
Grade 2 Class 2 Matrix: [ 5, [ 0 ], [ 0 ], [ 0 ], [ 0 ], [ 0 ] ]
